function dR = radiusGrad(p1,p2,q1x,q2x,q1y,q2y,t1,t2)
%RADIUSGRAD
%    H = RADIUSGRAD(P1,P2,Q1X,Q2X,Q1Y,Q2Y,T1,T2)

%    This function was generated by the Symbolic Math Toolbox version 5.10.
%    04-Jul-2017 12:00:52

t4 = p1-p2;
t5 = q1x-q2x;
t6 = q1y-q2y;
t7 = 1.0./t4.^2;
t8 = t1-t2;
t9 = t4.*t8;
t10 = t5.^2;
t11 = t6.^2;
t12 = t10+t11;
t15 = p1.*p2.*t12;
t13 = t9-t15;
t16 = t7.*t13;
t14 = 1.0./sqrt(-t16);
t17 = q1x.*2.0;
t18 = q2x.*2.0;
t19 = t17-t18;
t20 = p1.*p2.*t7.*t14.*t19.*(1.0./2.0);
t21 = q1y.*2.0;
t22 = q2y.*2.0;
t23 = t21-t22;
t24 = p1.*p2.*t7.*t14.*t23.*(1.0./2.0);
t25 = 1.0./t4;
t26 = 1.0./t4.^3;
t27 = t13.*t26.*2.0;

dR = [t20,t24,t14.*t25.*(-1.0./2.0),...
     t14.*(t27+t7.*(-t1+t2+p2.*t12)).*(1.0./2.0),...
    -t20,-t24,t14.*t25.*(1.0./2.0),...
     t14.*(t27-t7.*(t1-t2+p1.*t12)).*(-1.0./2.0)];
