function H = radiusHess(p1,p2,q1x,q2x,q1y,q2y,t1,t2)
%RADIUSHESS
%    H = RADIUSHESS(P1,P2,Q1X,Q2X,Q1Y,Q2Y,T1,T2)

%    This function was generated by the Symbolic Math Toolbox version 5.10.
%    03-Jul-2017 18:13:17

t4 = p1-p2;
t5 = q1x-q2x;
t6 = q1y-q2y;
t7 = 1.0./t4.^2;
t17 = q1x.*2.0;
t18 = q2x.*2.0;
t8 = t17-t18;
t9 = t1-t2;
t10 = t4.*t9;
t11 = t5.^2;
t12 = t6.^2;
t13 = t11+t12;
t19 = p1.*p2.*t13;
t14 = t10-t19;
t15 = p1.^2;
t16 = p2.^2;
t22 = t7.*t14;
t20 = 1.0./(-t22).^(3.0./2.0);
t21 = 1.0./t4.^4;
t23 = 1.0./sqrt(-t22);
t24 = 1.0./t4.^3;
t25 = t8.^2;
t26 = q1y.*2.0;
t27 = q2y.*2.0;
t28 = t26-t27;
t29 = p1.*p2.*t8.*t20.*t24.*(1.0./4.0);
t30 = t14.*t24.*2.0;
t31 = t8.*t15.*t16.*t20.*t21.*t28.*(1.0./4.0);
t32 = p2.*t13;
t33 = -t1+t2+t32;
t34 = t7.*t33;
t35 = t30+t34;
t36 = p1.*p2.*t7.*t23;
t37 = t28.^2;
t38 = p1.*p2.*t20.*t24.*t28.*(1.0./4.0);
t39 = p1.*t13;
t40 = t1-t2+t39;
t43 = t7.*t40;
t41 = t30-t43;
t42 = t7.*t23.*(1.0./2.0);
t44 = 1.0./t4;
t45 = t20.*t35.*t44.*(1.0./4.0);
t46 = t42+t45;
t47 = p2.*t7.*t8;
t69 = p1.*p2.*t8.*t24.*2.0;
t48 = t47-t69;
t49 = t23.*t48.*(1.0./2.0);
t50 = p2.*t7.*t28;
t70 = p1.*p2.*t24.*t28.*2.0;
t51 = t50-t70;
t52 = t23.*t51.*(1.0./2.0);
t53 = t14.*t21.*6.0;
t54 = t15.*t16.*t20.*t21.*t25.*(1.0./4.0);
t55 = p2.*t7.*t8.*t23.*(1.0./2.0);
t56 = p1.*p2.*t8.*t23.*t24;
t57 = p1.*p2.*t7.*t8.*t20.*t35.*(1.0./4.0);
t58 = p1.*t7.*t8.*t23.*(1.0./2.0);
t59 = p1.*p2.*t7.*t8.*t20.*t41.*(1.0./4.0);
t60 = t15.*t16.*t20.*t21.*t37.*(1.0./4.0);
t61 = -t36+t60;
t62 = p2.*t7.*t23.*t28.*(1.0./2.0);
t63 = p1.*p2.*t23.*t24.*t28;
t64 = p1.*p2.*t7.*t20.*t28.*t35.*(1.0./4.0);
t65 = p1.*t7.*t23.*t28.*(1.0./2.0);
t66 = p1.*p2.*t7.*t20.*t28.*t41.*(1.0./4.0);
t67 = t7.*t20.*(1.0./4.0);
t68 = -t42-t45;
t71 = t20.*t41.*t44.*(1.0./4.0);
t72 = t24.*t33.*2.0;
t73 = t7.*t13;
t74 = t53+t72+t73-t24.*t40.*2.0;
t75 = t23.*t74.*(1.0./2.0);
t76 = t20.*t35.*t41.*(1.0./4.0);
t77 = t75+t76;
t78 = p1.*t7.*t8;
t79 = t69+t78;
t80 = t23.*t79.*(1.0./2.0);
t81 = p1.*t7.*t28;
t82 = t70+t81;
t83 = t23.*t82.*(1.0./2.0);
t84 = t42+t71;
H = [p1.*p2.*t7.*1.0./sqrt(-t7.*t14)-t15.*t16.*t20.*t21.*t25.*(1.0./4.0),-t31,t29,t49-p1.*p2.*t7.*t8.*t20.*t35.*(1.0./4.0),-t36+t54,t31,-t29,t59+t80,t8.*t15.*t16.*t20.*t21.*t28.*(-1.0./4.0),t36-t15.*t16.*t20.*t21.*t37.*(1.0./4.0),t38,t52-p1.*p2.*t7.*t20.*t28.*t35.*(1.0./4.0),t31,t61,-t38,t66+t83,t29,t38,t7.*t20.*(-1.0./4.0),t46,-t29,-t38,t67,-t42-t71,t55-p1.*p2.*t8.*t23.*t24-p1.*p2.*t7.*t8.*t20.*t35.*(1.0./4.0),t62-p1.*p2.*t23.*t24.*t28-p1.*p2.*t7.*t20.*t28.*t35.*(1.0./4.0),t46,t20.*t35.^2.*(-1.0./4.0)-t23.*(t53+t24.*t33.*4.0).*(1.0./2.0),-t55+t56+t57,-t62+t63+t64,t68,t77,t54-p1.*p2.*t7.*t23,t31,-t29,-t49+t57,t36-t54,-t31,t29,-t59-t80,t31,t61,-t38,-t52+t64,-t31,t36-t60,t38,-t66-t83,-t29,-t38,t67,t68,t29,t38,-t67,t84,t56+t58+t59,t63+t65+t66,-t42-t20.*t41.*t44.*(1.0./4.0),t77,-t56-t58-t59,-t63-t65-t66,t84,t20.*t41.^2.*(-1.0./4.0)-t23.*(t53-t24.*t40.*4.0).*(1.0./2.0)];

% H = reshape([p1.*p2.*t7.*1.0./sqrt(-t7.*t14)-t15.*t16.*t20.*t21.*t25.*(1.0./4.0),-t31,t29,t49-p1.*p2.*t7.*t8.*t20.*t35.*(1.0./4.0),-t36+t54,t31,-t29,t59+t80,t8.*t15.*t16.*t20.*t21.*t28.*(-1.0./4.0),t36-t15.*t16.*t20.*t21.*t37.*(1.0./4.0),t38,t52-p1.*p2.*t7.*t20.*t28.*t35.*(1.0./4.0),t31,t61,-t38,t66+t83,t29,t38,t7.*t20.*(-1.0./4.0),t46,-t29,-t38,t67,-t42-t71,t55-p1.*p2.*t8.*t23.*t24-p1.*p2.*t7.*t8.*t20.*t35.*(1.0./4.0),t62-p1.*p2.*t23.*t24.*t28-p1.*p2.*t7.*t20.*t28.*t35.*(1.0./4.0),t46,t20.*t35.^2.*(-1.0./4.0)-t23.*(t53+t24.*t33.*4.0).*(1.0./2.0),-t55+t56+t57,-t62+t63+t64,t68,t77,t54-p1.*p2.*t7.*t23,t31,-t29,-t49+t57,t36-t54,-t31,t29,-t59-t80,t31,t61,-t38,-t52+t64,-t31,t36-t60,t38,-t66-t83,-t29,-t38,t67,t68,t29,t38,-t67,t84,t56+t58+t59,t63+t65+t66,-t42-t20.*t41.*t44.*(1.0./4.0),t77,-t56-t58-t59,-t63-t65-t66,t84,t20.*t41.^2.*(-1.0./4.0)-t23.*(t53-t24.*t40.*4.0).*(1.0./2.0)],[8, 8]);
